0    0.0078    127.0000    0.0124    13159.442    102.808    1684408.578
1    0.0123    79.9979     0.0246    12786.155    157.858    1035651.667    0.0122    373.287
2    0.0196    49.9996     0.0491    12311.159    241.397    627864.111     0.0246    474.996
3    0.0323    30.0001     0.1037    11661.059    376.162    361493.550     0.0546    650.101
4    0.0478    19.9157     0.1871    11019.618    526.859    230482.905     0.0834    641.441
5    0.0520    18.2437     0.2120    10866.859    564.696    209118.820     0.0249    152.759
6    0.0564    16.7245     0.2399    10709.717    604.231    189824.643     0.0278    157.143
7    0.0612    15.3431     0.2709    10548.204    645.423    172390.073     0.0310    161.513
8    0.0663    14.0859     0.3054    10382.348    688.215    156627.216     0.0345    165.856
9    0.0717    12.9408     0.3438    10212.157    732.538    142365.425     0.0384    170.192
10   0.0775    11.8966     0.3864    10037.619    778.317    129450.857     0.0426    174.537
11   0.0837    10.9439     0.4335    9858.828     825.430    117752.497     0.0471    178.792
12   0.0903    10.0735     0.4856    9675.737     873.777    107143.900     0.0521    183.091
13   0.0973    9.2779      0.5430    9488.481     923.191    97521.800      0.0574    187.256
14   0.1047    8.5499      0.6062    9297.062     973.523    88786.131      0.0632    191.419
15   0.1126    7.8832      0.6756    9101.570     1024.582   80851.103      0.0694    195.492
16   0.1209    7.2722      0.7517    8902.122     1076.151   73640.027      0.0761    199.449
17   0.1297    6.7116      0.8349    8698.764     1128.012   67081.274      0.0833    203.358
18   0.1389    6.1968      0.9259    8491.621     1179.911   61112.780      0.0909    207.143
19   0.1487    5.7239      1.0249    8280.859     1231.562   55679.369      0.0991    210.762
20   0.1590    5.2888      1.1327    8066.579     1282.683   50729.374      0.1078    214.279
21   0.1698    4.8884      1.2496    7848.990     1332.947   46218.381      0.1169    217.589
22   0.1812    4.5196      1.3763    7628.218     1382.035   42104.375      0.1266    220.772
23   0.1931    4.1795      1.5131    7404.506     1429.588   38351.407      0.1368    223.712
24   0.2055    3.8657      1.6606    7178.076     1475.245   34926.241      0.1475    226.430
25   0.2185    3.5759      1.8192    6949.149     1518.639   31798.645      0.1586    228.927
26   0.2321    3.3081      1.9895    6717.998     1559.389   28941.795      0.1702    231.150
27   0.2463    3.0604      2.1717    6484.930     1597.109   26331.535      0.1822    233.068
28   0.2610    2.8312      2.3662    6250.264     1631.419   23945.902      0.1945    234.667
29   0.2763    2.6189      2.5734    6014.346     1661.944   21765.084      0.2072    235.918
30   0.2922    2.4220      2.7934    5777.522     1688.325   19770.934      0.2200    236.824
31   0.3087    2.2395      3.0265    5540.208     1710.212   17947.422      0.2330    237.314
32   0.3257    2.0700      3.2726    5302.812     1727.285   16279.778      0.2461    237.396
33   0.3433    1.9126      3.5318    5065.790     1739.248   14754.786      0.2592    237.022
34   0.3615    1.7663      3.8038    4829.586     1745.842   13360.258      0.2721    236.204
35   0.3802    1.6303      4.0886    4594.683     1746.848   12085.259      0.2847    234.904
36   0.3994    1.5036      4.3856    4361.554     1742.088   10919.747      0.2970    233.128
37   0.4192    1.3857      4.6944    4130.714     1731.434   9854.720       0.3088    230.840
38   0.4394    1.2758      5.0144    3902.645     1714.811   8881.821       0.3200    228.069
39   0.4601    1.1734      5.3448    3677.841     1692.193   7993.483       0.3305    224.804
40   0.4813    1.0779      5.6849    3456.778     1663.612   7182.750       0.3401    221.064
41   0.5028    0.9887      6.0337    3239.904     1629.150   6443.224       0.3488    216.873
42   0.5248    0.9055      6.3901    3027.680     1588.948   5769.130       0.3564    212.224
43   0.5471    0.8277      6.7531    2820.478     1543.185   5154.985       0.3630    207.202
44   0.5698    0.7550      7.1215    2618.687     1492.099   4595.889       0.3683    201.791
45   0.5927    0.6871      7.4940    2422.622     1435.961   4087.227       0.3725    196.065
46   0.6159    0.6236      7.8694    2232.570     1375.082   3624.778       0.3754    190.052
47   0.6393    0.5642      8.2464    2048.767     1309.805   3204.633       0.3770    183.803
48   0.6629    0.5086      8.6238    1871.410     1240.502   2823.194       0.3774    177.356
49   0.6865    0.4566      9.0004    1700.642     1167.561   2477.117       0.3766    170.768
50   0.7103    0.4079      9.3750    1536.568     1091.391   2163.334       0.3745    164.074
51   0.7340    0.3623      9.7463    1379.245     1012.409   1879.001       0.3713    157.323
52   0.7577    0.3197      10.1133   1228.707     931.048    1621.529       0.3670    150.538
53   0.7814    0.2798      10.4750   1084.930     847.733    1388.496       0.3617    143.777
54   0.8048    0.2425      10.8303   947.881      762.901    1177.713       0.3553    137.049
55   0.8281    0.2075      11.1783   817.488      676.981    987.157        0.3480    130.393
56   0.8511    0.1749      11.5181   693.661      590.401    814.981        0.3398    123.827
57   0.8738    0.1444      11.8490   576.288      503.580    659.495        0.3309    117.373
58   0.8962    0.1159      12.1702   465.241      416.926    519.155        0.3212    111.047
59   0.9180    0.0893      12.4811   360.392      330.851    392.570        0.3109    104.849
60   0.9394    0.0645      12.7810   261.596      245.747    278.467        0.2999    98.796
61   0.9602    0.0414      13.0695   168.695      161.988    175.680        0.2884    92.901
62   0.9805    0.0199      13.3459   81.550       79.956     83.175         0.2764    87.146
63   1.0000    0.0000      13.6098   0.000        0.000      0.000          0.2640    81.550
